0.8557 0.0829
1.5687 0.1343
3.8505 0.2429
4.5636 0.0486
5.2767 -0.0143
6.5602 -0.0486
7.1306 -0.0029
7.5585 0.0771
7.7011 0.1686
7.5585 0.2200
8.2715 0.1171
8.6994 0.0543
9.6977 0.1114
10.4107	0.1686
10.5533	0.2257
11.6942	0.1971
12.1221	0.1571
12.6925	0.1286
13.1204	0.0829
13.6908	0.0429
14.1187	0.0086
14.6891	-0.0314
15.2596	0.0029
15.5448	0.0371
15.9726	0.0714
16.4005	0.0943
16.9709	0.1229
17.5414	0.1571
17.9692	0.1914
18.2544	0.2314
18.6823	0.2600
19.3953	0.2829
19.9658	0.2829
20.1084	0.2600
20.2510	0.2200
20.5362	0.1857
20.8214	0.1457
20.9641	0.1057
21.1067	0.0657
21.2493	0.0200
21.6771	-0.0371
22.1050	-0.0886
22.8180	-0.1400
23.3885	-0.0829
23.5311	-0.0543
23.6737	-0.0200
23.9589	0.0029
24.2442	0.0257
24.8146	0.0486
25.0998	0.0771
25.5277	0.1171
26.2407	0.1514
27.0964	0.1857
27.6669	0.2257
28.5225	0.2600
28.9504	0.2943
29.0930	0.2257
29.2356	0.1743
29.3782	0.1114
29.3782	0.0657
29.6634	0.0086
29.8060	-0.0371
30.0913	-0.0886
30.6617	-0.1457
30.8043	-0.1800
31.3748	-0.1286
31.5174	-0.0829
31.9452	-0.0543
32.3731	-0.0257
33.0861	0.0200
33.9418	0.0600
34.5123	0.1000
34.7975	0.1400
35.3679	0.1743
35.7958	0.2143
36.3662	0.2543
36.7941	0.3057
37.3645	0.2714
37.7924	0.2257
37.9350	0.1800
38.0776	0.1343
38.2202	0.0771
38.3628	0.0200
38.3628	-0.0314
38.6480	-0.0943
38.7906	-0.1629
39.5037	-0.0943
40.0742	-0.0600
40.6446	-0.0314
41.0724	-0.0029
41.6429	0.0200
42.2133	0.0600
42.6412	0.1057
43.3542	0.1457
44.4952	0.1686
45.3508	0.1686
45.6361	0.1514
45.9213	0.1057
46.3491	0.0543
46.4917	0.0086
46.7770	-0.0371
47.4900	-0.0771
47.7752	-0.0829
48.6309	-0.0600
49.2014	-0.0257
49.7718	0.0029
50.1997	0.0257
50.7701	0.0657
51.0553	0.1000
51.3406	0.1343
51.6258	0.1629
52.1962	0.1857
52.7667	0.1800
53.1945	0.1686
53.3371	0.1400
53.6224	0.0943
53.9076	0.0429
54.0502	-0.0143
54.1928	-0.0714
54.4780	-0.1286
54.6207	-0.1629
54.9059	-0.2086
55.1911	-0.2600
55.9042	-0.2657
56.0468	-0.2257
56.3320	-0.1686
56.6172	-0.1286
56.7598	-0.0829
56.7598	-0.0371
57.7581	-0.0943
58.4712	-0.0657
59.0416	-0.0200
59.1843	0.0200
59.6121	0.0600
60.1825	0.1057
60.4678	0.1400
60.8956	0.1743
61.4661	0.1800
61.7513	0.1571
62.0365	0.1229
62.6070	0.0829
62.8922	0.0429
63.3200	0.0086
63.7479	-0.0314
64.4609	0.0086
65.0314	0.0429
65.6018	0.0657
66.3149	0.1000
66.8853	0.1229
67.5984	0.1571
68.1689	0.1971
68.7393	0.2257
69.5950	0.2086
69.8802	0.1914
70.0228	0.1514
70.0228	0.1114
70.1654	0.0600
70.3080	0.0086
70.4507	-0.0314
70.7359	-0.1000
70.7359	-0.1629
70.7359	-0.2029
71.3063	-0.1457
71.5916	-0.0886
71.7342	-0.0486
71.8768	-0.0314
72.5898	-0.0657
72.8751	-0.0943
73.5881	-0.0371
74.1586	0.0086
74.5864	0.0486
75.1569	0.0886
75.5847	0.1343
76.0125	0.1743
76.5830	0.2029
77.1535	0.2200
78.0091	0.2371
78.1517	0.2029
78.2944	0.1571
78.4370	0.1114
78.7222	0.0714
78.8648	0.0200
79.2926	-0.0429
79.7205	-0.0829
80.1483	-0.1171
80.8614	-0.1571
81.4318	-0.1286
81.8597	-0.0886
82.1449	-0.0600
82.5727	-0.0086
82.8580	0.0257
83.7136	0.0714
84.4267	0.1057
85.4250	0.1400
86.4233	0.1571
86.9937	0.1400
86.9937	0.1000
87.1363	0.0486
87.4216	-0.0314
87.7068	-0.0714
88.1346	-0.1114
88.7051	-0.1686
88.9903	-0.1971
89.2755	-0.1286
89.5608	-0.0943
89.8460	-0.0543
90.7017	-0.0314
91.2721	-0.0257
91.6999	-0.0029
92.2704	0.0143
92.8408	0.0314
93.4113	0.0543
93.8391	0.0829
94.6948	0.0943
94.9800	0.0657
95.1226	0.0143
95.5505	-0.0314
95.9783	-0.0771
96.4062	-0.1229
96.8340	-0.1857
97.4044	-0.0886
97.6897	-0.0714
98.1175	-0.0371
98.9732	-0.0143
99.9715	-0.0086
100.3993 0.0543
100.6845 0.0943
101.1124 0.1114
101.6828 0.1343
102.5385 0.1400
102.9663 0.1229
103.1090 0.0886
103.1090 0.0371
103.3942 -0.0200
103.3942 -0.0886
103.6794 -0.1343
103.8220 -0.1971
104.2499 -0.2371
104.8203 -0.2886
105.5334 -0.2200
105.8186 -0.1971
106.2464 -0.1571
106.9595 -0.1171
107.6726 -0.0714
108.2430 -0.0200
108.6708 0.0086
109.0987 0.0486
109.5265 0.0943
109.8118 0.1286
110.0970 0.1571
110.6674 0.1457
110.9527 0.1286
111.0953 0.0943
111.0953 0.0543
111.2379 0.0029
111.5231 -0.0600
111.9509 -0.1171
112.5214 -0.1571
112.8066 -0.1800
112.9492 -0.1971
113.3771 -0.1514
113.8049 -0.1171
113.9475 -0.1000
114.3754 -0.1171
114.6606 -0.1514
115.0884 -0.1514
115.5163 -0.1171
115.9441 -0.0886
116.3719 -0.0657
116.7998 -0.0371
117.0850 -0.0086
117.5128 0.0371
118.0833 0.0657
118.6537 0.0943
119.0816 0.0771
119.0816 0.0486
119.3668 0.0086
119.5094 -0.0371
119.7946 -0.0829
119.9373 -0.1171
120.5077 -0.1686
120.9355 -0.1800
121.3634 -0.1571
121.6486 -0.1286
121.9338 -0.1171
122.7895 -0.0886
123.2173 -0.0600
123.7878 -0.0200
124.2156 0.0200
124.6435 0.0600
125.0713 0.1000
125.9270 0.1457
126.4974 0.1514
127.2105 0.1114
127.4957 0.0886
127.7809 0.0543
127.9236 0.0086
128.3514 -0.0543
128.4940 -0.0943
128.4940 -0.1400
128.7792 -0.1686
128.7792 -0.2257
128.9218 -0.2771
128.9218 -0.3114
129.3497 -0.2371
129.6349 -0.1686
129.9201 -0.1343
130.6332 -0.1171
131.4889 -0.0886
131.9167 -0.0486
132.3446 -0.0086
132.9150 0.0371
133.7707 0.0829
134.6264 0.1171
135.3394 0.1286
136.0525 0.1114
136.1951 0.0886
136.0525 0.0429
136.3377 -0.0200
136.4803 -0.0657
136.6229 -0.1114
136.7655 -0.1857
136.9082 -0.2543
137.3360 -0.1629
137.6212 0.0943
137.7638 -0.0314
137.9064 -0.0143
138.3343 -0.0657
138.6195 -0.1057
138.9047 -0.1343
139.6178 -0.1114
140.1882 -0.0829
141.0439 -0.0657
141.3292 -0.0143
141.8996 0.0371
143.0405 0.0771
144.0388 0.1000
144.1814 0.0543
144.4666 0.0029
144.6092 -0.0371
144.8945 -0.0829
145.3223 -0.1286
145.8928 -0.1743
146.8910 -0.1286
147.3189 -0.0943
148.0319 -0.0657
149.0302 -0.0200
149.4581 0.0143
150.1711 0.0657
150.8842 0.1229
151.3120 0.0886
151.8825 0.0600
152.0251 0.0200
152.3103 -0.0486
152.4529 -0.1000
152.5956 -0.1914
152.8808 -0.2486
153.4512 -0.1514
153.8791 -0.1114
154.5921 -0.1457
155.1626 -0.1743
155.8756 -0.1629
156.5887 -0.1229
157.1592 -0.0771
157.5870 -0.0314
158.0148 0.0143
158.5853 0.0543
159.5836 0.1057
159.8688 0.1229
160.2966 0.0714
160.4392 0.0086
160.7245 -0.0429
161.0097 -0.0771
161.8654 -0.0429
162.0080 -0.0200
162.2932 -0.0543
162.8637 -0.0943
163.2915 -0.1114
164.0046 -0.1286
164.7176 -0.1057
165.1455 -0.0771
165.7159 -0.0600
166.1438 -0.0543
166.2864 -0.0314
166.8568 0.0086
167.2847 0.0200
167.8551 0.0257
168.4256 0.0200
168.5682 -0.0143
168.8534 -0.0314
169.1386 -0.0714
169.4238 -0.1114
169.7091 -0.1457
169.7091 -0.1971
169.8517 -0.2257
169.9943 -0.2600
170.4221 -0.2029
170.5647 -0.1514
170.7074 -0.1057
170.9926 -0.0829
170.9926 -0.0657
171.7056 -0.0829
172.5613 -0.0943
173.4170 -0.0543
173.8448 0.0029
174.2727 0.0371
174.5579 0.0771
175.2710 0.1229
175.9840 0.1514
176.6971 0.1743
177.2675 0.1400
177.4102 0.1000
177.6954 0.0486
177.9806 0.0029
178.1232 -0.0429
178.5511 -0.0886
179.1215 -0.1286
179.8346 -0.1514
180.5476 -0.1229
180.9755 -0.0829
181.5459 -0.0429
182.2590 0.0257
182.6868 0.0657
182.8294 0.1000
183.2573 0.1514
183.8277 0.2029
183.9703 0.2314
184.3982 0.1800
184.6834 0.1400
184.9686 0.1114
185.3965 0.0943
185.9669 0.0657
186.1095 0.0257
186.5374 -0.0086
186.8226 -0.0429
186.9652 -0.0771
187.9635 -0.0886
188.6766 -0.0771
189.2470 -0.0486
189.5322 -0.0200
189.8175 0.0086
190.1027 0.0429
190.5305 0.0657
190.9584 0.1000
191.3862 0.1229
191.9566 0.1457
192.8123 0.0943
193.0975 0.0771
193.3828 0.0429
193.8106 0.0143
194.2384 -0.0086
194.9515 0.0086
195.2367 -0.0143
195.5220 -0.0600
195.9498 -0.0829
196.5203 -0.1057
196.9481 -0.1171
197.0907 -0.0886
197.3759 -0.0600
197.6612 -0.0429
198.2316 -0.0029
198.5168 0.0371
199.0873 0.0771
199.5151 0.1000
199.8003 0.1286
200.3708 0.1114
201.0839 0.1000
201.2265 0.0657
201.2265 0.0429
201.6543 -0.0029
201.9395 -0.0371
201.9395 -0.0600
202.3674 -0.1000
202.7952 -0.1229
203.6509 -0.1114
203.9361 -0.1000
204.2213 -0.1229
204.6492 -0.1629
204.9344 -0.1857
205.2196 -0.1457
205.7901 -0.1057
206.2179 -0.0543
206.5031 -0.0257
206.7884 0.0029
207.0736 0.0371
207.5014 0.0657
207.9293 0.0886
208.3571 0.1171
208.9276 0.1343
209.2128 0.1057
209.4980 0.0600
209.4980 0.0143
209.6406 -0.0257
209.7832 -0.0600
209.9258 -0.0829
210.4963 -0.0771
211.2094 -0.0714
211.9224 -0.0943
212.6355 -0.1000
213.3485 -0.1057
213.9190 -0.1114
214.2042 -0.0886
214.6321 -0.0486
214.9173 -0.0086
215.3451 0.0257
215.7730 0.0600
216.0582 0.0771
216.9139 0.0371
217.3417 0.0200
217.6269 -0.0029
218.0548 -0.0371
218.4826 -0.0771
218.7678 -0.1229
218.9104 -0.1514
219.9087 -0.1343
220.4792 -0.0886
220.9070 -0.0486
221.4775 -0.0257
222.0479 0.0257
222.6184 0.0600
223.1888 0.1057
223.4740 0.1400
223.7593 0.1914
223.9019 0.2200
224.3297 0.1686
224.7576 0.1514
225.6132 0.1400
226.0411 0.1457
226.0411 0.0657
226.1837 0.0371
226.3263 -0.0143
226.4689 -0.0657
226.7541 -0.1114
226.7541 -0.1400
226.7541 -0.1743
226.8967 -0.2200
227.7524 -0.2029
228.1803 -0.1743
228.4655 -0.1400
228.7507 -0.1000
229.3212 -0.0600
229.8916 -0.0200
230.3195 0.0086
230.4621 0.0486
230.7473 0.0886
231.1751 0.1229
231.7456 0.1514
232.6013 0.1686
233.1717 0.1800
233.4569 0.1343
233.5995 0.1000
234.0274 0.0429
234.4552 -0.0086
234.7404 -0.0486
235.1683 -0.0829
235.5961 -0.1057
235.8813 -0.1286
236.4518 -0.0829
236.8796 -0.0543
237.1649 -0.0429
237.4501 -0.0657
237.7353 -0.0829
238.0205 -0.1114
238.0205 -0.0429
238.4484 -0.0086
238.7336 0.0371
239.0188 0.0714
239.8745 0.0771
240.1597 0.0943
240.4450 0.1114
241.0154 0.1343
241.5859 0.1286
242.0137 0.1114
242.0137 0.0829
242.2989 0.0429
242.4415 0.0086
242.4415 -0.0486
242.5841 -0.0886
242.5841 -0.1514
242.7268 -0.1800
242.8694 -0.2086
242.8694 -0.2257
243.2972 -0.1743
243.2972 -0.1400
243.4398 -0.1114
243.5824 -0.0714
243.8677 -0.0200
244.2955 -0.0543
244.8659 -0.0886
245.4364 -0.1114
246.0068 -0.1114
246.4347 -0.0886
246.5773 -0.0543
247.0051 -0.0086
247.1477 0.0314
247.4330 0.0714
247.8608 0.1171
248.2886 0.1457
249.0017 0.1743
249.5722 0.1743
249.8574 0.1571
250.1426 0.1343
250.4278 0.0886
250.5705 0.0600
250.7131 0.0314
250.9983 -0.0029
251.7114 -0.0314
252.4244 -0.0543
253.2801 -0.0657
253.9932 -0.0600
254.1358 -0.0371
254.4210 -0.0200
254.7062 0.0086
255.2767 0.0371
255.7045 0.0543
256.1323 0.0829
256.7028 0.1286
256.9880 0.1514
257.4159 0.1229
257.8437 0.1057
258.4141 0.0714
258.8420 0.0486
259.4124 0.0371
259.8403 0.0486
260.1255 0.0543
260.4107 0.0314
260.6959 0.0086
260.9812 -0.0200
261.4090 -0.0486
261.6942 -0.0657
261.8369 -0.0829
262.2647 -0.0543
262.5499 -0.0314
262.6925 -0.0029
262.9778 0.0257
263.2630 0.0657
263.6908 0.1000
263.9760 0.1286
264.4039 0.1629
264.8317 0.1971
265.2596 0.2200
265.8300 0.2371
266.6857 0.2486
267.2561 0.2486
267.5414 0.2257
267.6840 0.2029
268.1118 0.1686
268.2544 0.1457
268.3970 0.1171
268.6823 0.0829
269.1101 0.0600
